ES	RECENT_NR	PP(W)	PP(R)	PP(N1)	PP(N2)	PP(N3)	NE
.	5	0.207852	0.155277	0.0529218	0.426522	0.157428	2814665
0	0	0.68726	0.00300973	0.0741091	0.214389	0.0212329	206331
0	10	0.266407	0.0042974	0.0279411	0.402933	0.298422	62596
20	0	0.394315	0.0317941	0.10794	0.43821	0.0277413	17519
20	10	0.209868	0.0350198	0.0415013	0.423203	0.290408	19903
20	20	0.163509	0.0130774	0.0194251	0.285759	0.518229	60180
20	30	0.139826	0.0126666	0.0219961	0.262003	0.563509	42553
40	0	0.359777	0.101889	0.107927	0.417619	0.0127879	16891
40	10	0.258122	0.0925797	0.0426456	0.473211	0.133442	12897
40	20	0.19729	0.110195	0.0337932	0.342829	0.315893	12251
40	30	0.157913	0.123808	0.0303748	0.315353	0.37255	16889
40	40	0.11132	0.0753669	0.0255496	0.301553	0.486211	46811
40	50	0.131563	0.0553413	0.0268418	0.345819	0.440435	31369
60	0	0.267455	0.14993	0.109189	0.464621	0.00880557	25552
60	10	0.157376	0.135907	0.0410347	0.554593	0.111089	15231
60	20	0.134208	0.152202	0.0329059	0.426782	0.253902	10059
60	30	0.156973	0.157434	0.0343199	0.344697	0.306576	8683
60	40	0.153861	0.282142	0.0312112	0.27002	0.262766	10477
60	50	0.126278	0.322345	0.034394	0.311048	0.205935	13985
60	60	0.0916431	0.131686	0.028258	0.413061	0.335352	30717
80	0	0.254739	0.159929	0.0935865	0.483525	0.00822067	29438
80	10	0.13778	0.0847298	0.0370458	0.586519	0.153926	21244
80	20	0.12734	0.0766894	0.0255425	0.444203	0.326224	16130
80	30	0.147576	0.12227	0.0261055	0.378796	0.325253	11262
80	40	0.16618	0.176323	0.0289009	0.346255	0.28234	7197
80	50	0.141359	0.279675	0.0334799	0.327021	0.218465	5914
80	60	0.100107	0.325036	0.0320057	0.348329	0.194523	5624
100	0	0.242261	0.156532	0.100876	0.488794	0.0115363	22711
100	10	0.13492	0.0562868	0.0350042	0.628227	0.145561	17855
100	20	0.102942	0.0587837	0.0269355	0.458637	0.352702	17709
100	30	0.101102	0.0808471	0.0280455	0.380057	0.409949	17329
100	40	0.101652	0.0915814	0.0290323	0.418961	0.358773	12710
100	50	0.184573	0.169483	0.0313858	0.36311	0.251449	8284
100	60	0.0963515	0.217112	0.044964	0.448099	0.193474	3892
120	0	0.252517	0.153708	0.108734	0.474923	0.0101181	20656
120	10	0.111873	0.0819921	0.0463061	0.632256	0.127573	15160
120	20	0.152563	0.0519306	0.0278488	0.473833	0.293825	14866
120	30	0.131531	0.0716612	0.0243648	0.412573	0.35987	15350
120	40	0.0887918	0.113126	0.0306628	0.399204	0.368215	15328
120	50	0.0997492	0.167897	0.0315299	0.427804	0.27302	13955
120	60	0.154899	0.192411	0.0305056	0.415759	0.206424	9277
140	0	0.239717	0.190359	0.107396	0.456853	0.00567621	24312
140	10	0.151096	0.0830961	0.0395948	0.636893	0.08932	15103
140	20	0.0853084	0.0683106	0.0324795	0.53244	0.281462	12531
140	30	0.115156	0.0800222	0.0324371	0.432548	0.339837	12609
140	40	0.132551	0.131799	0.0346047	0.40826	0.292786	13293
140	50	0.142105	0.170023	0.0332571	0.387948	0.266667	13110
140	60	0.140519	0.245808	0.0303128	0.365124	0.218236	12404
160	0	0.223656	0.201316	0.102556	0.467411	0.00506091	27663
160	10	0.152828	0.073437	0.0442717	0.675598	0.0538648	18138
160	20	0.108282	0.0652804	0.0310489	0.595162	0.200226	14139
160	30	0.129799	0.107735	0.03346	0.454376	0.27463	12373
160	40	0.110272	0.161322	0.032071	0.426325	0.270011	11381
160	50	0.147285	0.18422	0.033827	0.409307	0.225361	10938
160	60	0.107195	0.235496	0.0280724	0.445103	0.184134	9618
180	0	0.247425	0.185535	0.110118	0.453897	0.00302484	29423
180	10	0.120038	0.0678617	0.0433205	0.713882	0.0548976	18744
180	20	0.097933	0.0654339	0.0316897	0.611505	0.193438	16062
180	30	0.0995859	0.11099	0.0291223	0.486186	0.274116	14731
180	40	0.168003	0.124548	0.0308817	0.440515	0.236052	12726
180	50	0.140372	0.21639	0.037762	0.418149	0.187327	10116
180	60	0.107073	0.278206	0.032684	0.421101	0.160936	7649
200	0	0.265919	0.210114	0.108906	0.412461	0.00260034	29227
200	10	0.134219	0.0708153	0.0526849	0.694076	0.0482056	18753
200	20	0.166065	0.0743036	0.0326526	0.562854	0.164125	18559
200	30	0.101146	0.0932656	0.0309366	0.51485	0.259802	15354
200	40	0.116229	0.13009	0.0327751	0.462605	0.258302	13852
200	50	0.146116	0.172332	0.0405488	0.425588	0.215416	11443
200	60	0.130901	0.239081	0.0367331	0.448498	0.144787	7922
220	0	0.284001	0.223639	0.113068	0.376433	0.00285874	30433
220	10	0.157779	0.0759655	0.0479995	0.672167	0.0460888	17271
220	20	0.123844	0.0793552	0.0372407	0.60866	0.1509	16004
220	30	0.119327	0.122163	0.0330308	0.496407	0.229072	15864
220	40	0.112329	0.145083	0.0383395	0.463798	0.24045	14502
220	50	0.14626	0.224564	0.0293737	0.404003	0.195799	13141
220	60	0.137769	0.278524	0.0361484	0.397633	0.149925	9378
240	0	0.295584	0.193234	0.115934	0.391774	0.00347485	31656
240	10	0.178549	0.0885657	0.0485615	0.648257	0.0360668	19048
240	20	0.104562	0.0944238	0.0279148	0.620142	0.152957	14795
240	30	0.116867	0.110169	0.0320673	0.513575	0.227321	14033
240	40	0.136414	0.162673	0.0330094	0.449151	0.218752	13481
240	50	0.156413	0.227426	0.0365014	0.417279	0.162381	13068
240	60	0.0986388	0.317913	0.038765	0.421878	0.122805	10138
260	0	0.275993	0.23307	0.115622	0.374286	0.00102908	30124
260	10	0.127503	0.107917	0.0534621	0.679945	0.0311724	18125
260	20	0.128433	0.0858705	0.0346092	0.616752	0.134336	16094
260	30	0.180878	0.0799324	0.0292568	0.513581	0.196351	14800
260	40	0.115951	0.175251	0.0300008	0.480402	0.198395	12833
260	50	0.107539	0.247502	0.0326067	0.431789	0.180563	11010
260	60	0.133244	0.327166	0.0338019	0.398698	0.107091	9674
280	0	0.273465	0.249579	0.12297	0.352301	0.00168452	29682
280	10	0.189584	0.095443	0.0542315	0.632777	0.0279649	17665
280	20	0.151435	0.0948642	0.0373922	0.610954	0.105355	15538
280	30	0.138633	0.126875	0.0353446	0.52496	0.174189	14203
280	40	0.146609	0.195264	0.0356656	0.454108	0.168353	13935
280	50	0.159344	0.220146	0.0377393	0.439562	0.143209	10970
280	60	0.120767	0.335028	0.0347856	0.406449	0.10297	8653
300	0	0.28263	0.256322	0.119774	0.339488	0.00178577	31359
300	10	0.17715	0.0971525	0.0525732	0.649376	0.0237484	17138
300	20	0.128791	0.0946472	0.0360526	0.627946	0.112563	13619
300	30	0.138266	0.124711	0.0338888	0.517503	0.185631	12541
300	40	0.15469	0.222145	0.0297481	0.426596	0.166821	12942
300	50	0.144033	0.23657	0.0354274	0.419611	0.16436	10331
300	60	0.174369	0.300104	0.0387231	0.370635	0.116169	8677
320	0	0.288567	0.266804	0.110338	0.332939	0.00135176	29591
320	10	0.217407	0.0870956	0.0551062	0.618361	0.0220304	16568
320	20	0.16674	0.0794454	0.0429137	0.602553	0.108348	13632
320	30	0.125409	0.154834	0.0403238	0.523509	0.155924	12846
320	40	0.143086	0.235273	0.0395088	0.426321	0.155811	11238
320	50	0.150569	0.265659	0.0402979	0.421375	0.122098	9132
320	60	0.133139	0.351759	0.0414242	0.381962	0.0917152	7218
340	0	0.309085	0.243627	0.117887	0.327958	0.00144366	28400
340	10	0.175021	0.102416	0.055222	0.647654	0.0196872	14324
340	20	0.180514	0.0802464	0.0392316	0.608333	0.0916754	12337
340	30	0.155858	0.161446	0.0362343	0.497122	0.14934	11812
340	40	0.157413	0.22353	0.0417535	0.435649	0.141654	11041
340	50	0.133643	0.305843	0.0374866	0.389623	0.133405	8403
340	60	0.14295	0.409291	0.0431948	0.337571	0.0669927	6135
360	0	0.298223	0.255378	0.118392	0.327571	0.000435426	22966
360	10	0.209311	0.111873	0.0546373	0.601804	0.0223746	13855
360	20	0.215674	0.0751753	0.0346144	0.580634	0.0939025	11267
360	30	0.135651	0.164643	0.039667	0.510774	0.149265	10210
360	40	0.174829	0.206846	0.0463402	0.444655	0.12733	9495
360	50	0.144266	0.329119	0.0418511	0.390694	0.09407	7909
360	60	0.120675	0.44435	0.0349412	0.324186	0.075848	5867
380	0	0.301987	0.246112	0.117284	0.333878	0.000737968	18971
380	10	0.183054	0.10679	0.059148	0.630848	0.0201598	10516
380	20	0.129416	0.0810688	0.0341938	0.658967	0.0963542	8832
380	30	0.178182	0.136879	0.0334568	0.506539	0.144943	9176
380	40	0.195423	0.228756	0.0361502	0.411033	0.128638	8520
380	50	0.178989	0.31501	0.0460809	0.379612	0.0803082	6749
380	60	0.138771	0.430716	0.0318523	0.350984	0.047677	4929
